FG_RA FG_DEC GUV
       8.5960417      -10.833889       11938.232
       10.586069      0.53852329       96.549137
       11.939555       31.022292       1722.7174
       11.988573       14.794989       6696.9122
       15.849337    -0.048390000       5461.5917
       20.616693       30.292999       6088.0409
       25.869860       29.910223       997.05084
       33.570658     -0.87476300       564.31221
       36.199567     -0.78343200       293.27950
       36.359696      -1.2428882       147.55671
       36.628298      -5.0978375       522.10694
       38.110579     -0.19586923       1741.8204
       38.314179    -0.050987798       100.59052
       39.943458      -1.1112222       20931.115
       41.515344     -0.53659840       1888.7348
       42.661167     -0.79422222       4006.6623
       111.91478       39.482039       402.91551
       117.53854       27.401444       1369.8314
       121.40538       47.394252       366.74341
       122.41137       50.163252       250.98405
       122.43822       45.655030       194.71878
       123.09654       26.333585       3441.7757
       123.58158       32.838528       2898.6860
       124.63694       12.538862       6608.7463
       125.77953       53.793997       192.24334
       125.94187       53.424394       820.19737
       126.08755       53.213693       339.57098
       127.62658       54.874659       1506.0253
       128.86160       46.335404       757.69077
       129.72718       46.356776       672.71552
       130.91190       44.435742       148.37901
       131.29958       46.693201       135.32525
       131.57576       45.650085       332.72014
       132.58094       47.927367       392.08370
       132.82672       48.728400       306.18948
       132.96410       52.483787       264.52154
       133.20605       47.239749       7078.3464
       133.42947       45.116652       663.54074
       134.12284       55.247290       466.17152
       134.40659       39.022351       1983.9976
       135.75134       46.905454       111.30951
       136.07475      0.69673600       1034.5794
       136.74082       10.022621       6959.7372
       138.07321       41.659310       790.26063
       138.14280       30.937838       514.35151
       138.95202       46.672424       3834.2161
       138.96552       1.3167160       970.11833
       140.34536       56.524407       966.65698
       141.02108       47.769831       340.85173
       141.43250       37.418028       3889.5865
       142.46979       48.694236       190.38869
       143.32261       59.340958       1440.5911
       144.90345       48.354178       527.51700
       144.96916       50.868733       127.64187
       145.39017       23.144459       1700.1536
       146.97268       50.735373       223.89724
       147.27624       46.994004       242.61300
       147.86274       49.546752       293.00193
       148.96867       50.171869       421.01728
       149.06719       47.280335       493.66331
       149.74535       49.214739       721.53027
       149.91446       47.062335       637.56549
       150.05447       46.902392       762.72305
       150.19353       3.6191190       255.03288
       150.33375       55.218802       751.84058
       152.30797       2.6034380       341.74443
       153.34958       3.5047100       426.47208
       154.47241       62.448158       922.42383
       154.94625       49.809944       880.70878
       155.03041       61.332212       1816.8299
       155.74722       49.190496       212.17526
       157.08857       24.022722       834.34603
       158.68177       8.9508280       699.92949
       159.11748       50.199410       1198.0175
       159.94549       45.788053       674.57773
       160.68684       65.000752       703.19655
       161.14843       31.664088       1872.7653
       161.57476       47.122728       292.77287
       162.47923       23.232843       1812.7158
       163.09071       55.881529       845.78838
       163.19374       64.308958       127.48047
       166.57155       46.590180       15330.340
       167.78172       46.699827       692.76340
       168.41608       33.101323       853.00307
       169.71015       40.431607       1946.1545
       172.24537       64.744549       149.38444
       172.41818       36.618923       97.423855
       174.71936       63.492784       1912.1664
       176.16462       45.687727       78.032746
       177.14972       45.124655       384.75270
       178.22122       15.118461       621.96859
       178.73819       47.197029       59.860954
       178.76020       21.543187       396.94515
       178.87289       46.570309       326.23024
       178.89007       39.566444       741.82603
       180.60282       7.8000730       583.53400
       182.99917       32.669435       1046.4757
       183.43450       47.332977       490.62454
       183.99583       57.271278       613.52322
       184.24091       15.451824       4224.7153
       184.24731       1.2109204       335.96679
       186.30956       57.161761       330.23074
       186.67128       45.644820       85.528572
       187.61636       47.051172       363.06082
       189.71865       46.083156       584.53684
       191.63459       23.758655       1885.8317
       192.19186       40.966153       897.11454
       193.41442       47.853503       1029.8097
       196.81163       46.593510       137.38346
       198.42216       45.781834       1097.9734
       199.63296       30.334073       539.30693
       201.31239       54.158490       514.11416
       202.20075       47.202826       7099.5744
       202.34381       43.347024       143.41971
       202.60915       41.242496       383.67991
       204.85009       46.468934       940.41100
       205.54267       47.234428       2256.9765
       206.70866       19.876446       883.74578
       207.07254       46.704753       413.93776
       208.27644       11.634648       8963.0010
       210.97981       37.567149       1717.8881
       212.41456       54.092385       128.55853
       214.30673       45.127167       260.83627
       214.34945       7.0549723       218.64261
       214.66250       51.881579       2826.9168
       214.77313       52.038265       47.568622
       215.56488       46.875200       639.04977
       218.30231       8.4477110       530.79688
       219.03813       31.574076       2188.4203
       220.54687       53.047780       438.68105
       229.04790       22.420905       652.29245
       233.73342       21.895089       1701.9625
       234.97810       31.774801       1080.2473
       235.24945       49.323147       1452.8357
       235.95465       44.754093       1766.5320
       236.08918       50.446078       635.14703
       237.06846       54.994979       250.54085
       238.59532       12.743891       1349.2913
       239.39158       29.478984       1144.3443
       244.87890       19.439138       538.18495
       247.84060       43.554805       4089.6374
       253.67587       25.213676       459.23494
       258.65530       30.804636       238.55059
       327.05523       26.516510       78.247245
       327.40952       1.2305617       368.35164
       343.89861    -0.032456000       351.42338
       354.68831    -0.057533823       3674.0356
       357.92341       27.625015       416.07423
       358.77176       32.016381       2270.5352
       359.58301       34.415496       479.85865
