FG_RA FG_DEC NEW_GUV
       14.322353    -0.020369537       1282.9268
       17.958625       14.028194       6557.2516
       27.321270     -0.36156836       2389.8155
       37.576108      -3.5553935       1443.5425
       55.408991   0.00081478568       392.00001
       62.482800      -4.1908157       715.20620
       118.24923       40.191172       1060.3508
       120.20789       35.713787       2073.5748
       127.18070       45.754804       524.58597
       129.30650       36.510374       5012.0741
       129.49131       38.624199       8608.5726
       130.49363       39.355826       1513.8484
       133.49318     -0.18556871       1230.5167
       137.69334       4.2495868       11896.808
       138.40960      -1.1190783       5830.3273
       138.63340       1.1534521       1221.7253
       141.07354       39.488960       2788.4160
       143.10977       9.4239193       773.74319
       144.16811     -0.97780336       496.45515
       144.51757       53.295531       7628.0351
       150.69523      0.35110940       28979.685
       151.29000       50.324943       329.62748
       151.61445       48.072235       2886.2182
       152.42228       25.017799       3588.2775
       152.50629       40.632078       5421.4350
       156.57835       46.245910       1851.1995
       159.73905       50.452217       3566.5620
       160.42958       19.956165       6911.5373
       161.28699       43.855059       805.09473
       175.44245       7.4030527       5055.1303
       176.14807       9.9893594       2913.8034
       176.44392       3.3768743       778.87409
       181.07279       2.3513096       2710.2620
       182.23725       7.6281159       3853.4871
       187.92958      0.47952582       1490.2549
       192.45076       6.1205686       5791.1151
       195.35307       47.986008       4931.6622
       196.52163       61.973257       1760.6206
       201.91909       34.389929       2711.0442
       209.70714       27.635240       1764.6414
       210.53374       47.019757       1437.3124
       212.32503       52.431213       582.91986
       213.40491       27.254749       608.73650
       215.01529       2.4574081       2291.2793
       215.22674       16.059261       7811.3440
       216.99537      -1.3584371       34207.682
       217.79031       57.458055       5165.7858
       218.43959       6.6861076       1130.4793
       220.63715       1.6251123       1987.6092
       221.12250       31.222566       8819.6236
       227.05859       36.591488       5111.2402
       233.37013       14.428473       3898.4888
       238.35670       19.361376       5576.0778
       239.94889       49.718692       1742.6300
       241.44836       51.225151       4045.3993
       246.90166       22.260579       897.85172
       246.91097       46.093997       1958.6825
       254.32022       31.087216       5221.8198
       326.58620      -7.8807247       4869.4035
       330.70254       12.612651       9466.1438
